3.532
5.62
3.452
4.112
5.342
4.534
3.298
5.631
5.462
6.421
3.996
3.542
4.932
3.342
4.563
4.371
5.876
4.153
5.749
3.795
3.805
4.076
5.656
6.923
5.048669
44
506
435
589
99
688
800
117
471
264
682
456
656
663
520
655
397
510
685
221
326
581
141
461
238
142
140
558
301
69
220
520
539
33
797
195
196
206
142
398
273
173
449
356
276
309
226
202
150
38
45
104
44
82
225
178
231
7
5
223
117
38
997
222
79
98
253
90
160
215
796
331
148
22
93
82
320
33
687
714
293
572
629
559
263
505
555
744
558
518
478
648
413
669
562
445
534
605
684
175
82
547
989
330
142
202
116
682
802
191
110
241
670
364
47
717
20
104
279
755
329
141
517
38
279
187
745
3
443
728
176
763
50
460
505
201
152
173
142
9
317
763
92
286
548
457
277
626
512
236
213
647
516
457
1
543
593
706
661
415
609
377
490
562
936
112
437
660
431
381
191
330
596
384
639
191
545
263
390
188
160
64
768
92
117
668
714
547
58
275
440
503
297
371
752
264
10
66
452
268
159
958
604
414
504
365
697
754
481
63
730
379
705
136
542
428
144
573
508
578
492
525
566
664
469
533
178
535
407
2687906
69720
61812
64782
82706
2378857
61729
63256
57214
62616
54759
60367
59932
62861
61944
61850
62774
60798
61604
57048
92137
606108
62719
68013
63129
68420
64463
62938
69806
60616
60915
58809
59011
60989
67463
70595
61025
68089
70407
72828
63086
65400
62924
67885
64257
68709
64900
62774
68544
58283
66871
64774
74014
67128
69270
66833
58910
62091
64692
65213
76465
72557
58145
61380
62691
64077
70034
58591
65543
65350
59570
59292
59204
69728
62156
60583
72378
61785
64655
62409
69446
56304
7654690
134195
125570
135506
153588
129966
123159
126632
151718
113045
136901
114838
126334
127342
149979
125595
115522
135936
152920
35
681
513
1496
2245
1234
162
526
634
900
430
873
904
364
1761
376
893
157
923
283
491
217
398
1124
1159
1481
953
673
984
2849
283
687
483
391
1984
